0
     125    396    1000    1
1  1  0.0d0  0.0d0  0.0d0
1    1     0.0000       0.0000       0.0000   
2    1     4.0000       0.0000       0.0000   
3    1     6.0000       0.0000       0.0000   
4    1     8.0000       0.0000       0.0000   
5    1     10.0000      2.0000       0.0000   
6    1     10.0000      4.0000       0.0000   
7    1     10.0000      6.0000       0.0000   
8    1     6.0000       10.0000      0.0000   
9    1     0.0000       10.0000      0.0000   
10   1     0.0000       6.0000       0.0000   
11   1     10.0000      10.0000      -8.0000  
12   1     8.0000       10.0000      -10.0000 
13   1     2.0000       10.0000      -10.0000 
14   1     0.0000       10.0000      -2.0000  
15   1     2.0000       10.0000      0.0000   
16   1     4.0000       10.0000      0.0000   
17   1     8.0000       10.0000      0.0000   
18   1     8.0000       10.0000      -2.0000  
19   1     8.0000       10.0000      -4.0000  
20   1     8.0000       10.0000      -6.0000  
21   1     8.0000       10.0000      -8.0000  
22   1     6.0000       10.0000      -2.0000  
23   1     6.0000       10.0000      -4.0000  
24   1     6.0000       10.0000      -6.0000  
25   1     6.0000       10.0000      -8.0000  
26   1     4.0000       10.0000      -2.0000  
27   1     4.0000       10.0000      -4.0000  
28   1     4.0000       10.0000      -6.0000  
29   1     4.0000       10.0000      -8.0000  
30   1     2.0000       10.0000      -2.0000  
31   1     2.0000       10.0000      -4.0000  
32   1     2.0000       10.0000      -6.0000  
33   1     2.0000       10.0000      -8.0000  
34   1     0.0000       10.0000      -4.0000  
35   1     0.0000       10.0000      -6.0000  
36   1     0.0000       10.0000      -8.0000  
37   1     0.0000       10.0000      -10.0000 
38   1     0.0000       2.0000       0.0000   
39   1     0.0000       4.0000       0.0000   
40   1     0.0000       8.0000       0.0000   
41   1     0.0000       8.0000       -2.0000  
42   1     0.0000       8.0000       -4.0000  
43   1     0.0000       8.0000       -6.0000  
44   1     0.0000       8.0000       -8.0000  
45   1     0.0000       6.0000       -2.0000  
46   1     0.0000       6.0000       -4.0000  
47   1     0.0000       6.0000       -6.0000  
48   1     0.0000       6.0000       -8.0000  
49   1     0.0000       4.0000       -2.0000  
50   1     0.0000       4.0000       -4.0000  
51   1     0.0000       4.0000       -6.0000  
52   1     0.0000       4.0000       -8.0000  
53   1     0.0000       2.0000       -2.0000  
54   1     0.0000       2.0000       -4.0000  
55   1     0.0000       2.0000       -6.0000  
56   1     0.0000       2.0000       -8.0000  
57   1     0.0000       0.0000       -2.0000  
58   1     0.0000       0.0000       -4.0000  
59   1     0.0000       0.0000       -6.0000  
60   1     0.0000       0.0000       -8.0000  
61   1     0.0000       0.0000       -10.0000 
62   1     4.0000       0.0000       -10.0000 
63   1     8.0000       0.0000       -10.0000 
64   1     10.0000      0.0000       -6.0000  
65   1     10.0000      0.0000       -4.0000  
66   1     10.0000      0.0000       0.0000   
67   1     2.0000       0.0000       0.0000   
68   1     2.0000       0.0000       -2.0000  
69   1     2.0000       0.0000       -4.0000  
70   1     2.0000       0.0000       -6.0000  
71   1     2.0000       0.0000       -8.0000  
72   1     4.0000       0.0000       -2.0000  
73   1     4.0000       0.0000       -4.0000  
74   1     4.0000       0.0000       -6.0000  
75   1     4.0000       0.0000       -8.0000  
76   1     6.0000       0.0000       -2.0000  
77   1     6.0000       0.0000       -4.0000  
78   1     6.0000       0.0000       -6.0000  
79   1     6.0000       0.0000       -8.0000  
80   1     8.0000       0.0000       -2.0000  
81   1     8.0000       0.0000       -4.0000  
82   1     8.0000       0.0000       -6.0000  
83   1     8.0000       0.0000       -8.0000  
84   1     10.0000      0.0000       -2.0000  
85   1     10.0000      0.0000       -8.0000  
86   1     10.0000      0.0000       -10.0000 
87   1     10.0000      2.0000       -10.0000 
88   1     10.0000      10.0000      -10.0000 
89   1     10.0000      10.0000      -6.0000  
90   1     10.0000      10.0000      -4.0000  
91   1     10.0000      10.0000      -2.0000  
92   1     10.0000      10.0000      0.0000   
93   1     10.0000      8.0000       0.0000   
94   1     10.0000      2.0000       -2.0000  
95   1     10.0000      2.0000       -4.0000  
96   1     10.0000      2.0000       -6.0000  
97   1     10.0000      2.0000       -8.0000  
98   1     10.0000      4.0000       -2.0000  
99   1     10.0000      4.0000       -4.0000  
100  1     10.0000      4.0000       -6.0000  
101  1     10.0000      4.0000       -8.0000  
102  1     10.0000      6.0000       -2.0000  
103  1     10.0000      6.0000       -4.0000  
104  1     10.0000      6.0000       -6.0000  
105  1     10.0000      6.0000       -8.0000  
106  1     10.0000      8.0000       -2.0000  
107  1     10.0000      8.0000       -4.0000  
108  1     10.0000      8.0000       -6.0000  
109  1     10.0000      8.0000       -8.0000  
110  1     10.0000      8.0000       -10.0000 
111  1     10.0000      6.0000       -10.0000 
112  1     10.0000      4.0000       -10.0000 
113  1     6.0000       0.0000       -10.0000 
114  1     2.0000       0.0000       -10.0000 
115  1     0.0000       2.0000       -10.0000 
116  1     0.0000       4.0000       -10.0000 
117  1     0.0000       6.0000       -10.0000 
118  1     0.0000       8.0000       -10.0000 
119  1     4.0000       10.0000      -10.0000 
120  1     6.0000       10.0000      -10.0000 
121  1     8.0000       8.0000       -10.0000 
122  1     8.0000       6.0000       -10.0000 
123  1     8.0000       4.0000       -10.0000 
124  1     8.0000       2.0000       -10.0000 
125  1     6.0000       8.0000       -10.0000 
126  1     6.0000       6.0000       -10.0000 
127  1     6.0000       4.0000       -10.0000 
128  1     6.0000       2.0000       -10.0000 
129  1     4.0000       8.0000       -10.0000 
130  1     4.0000       6.0000       -10.0000 
131  1     4.0000       4.0000       -10.0000 
132  1     4.0000       2.0000       -10.0000 
133  1     2.0000       8.0000       -10.0000 
134  1     2.0000       6.0000       -10.0000 
135  1     2.0000       4.0000       -10.0000 
136  1     2.0000       2.0000       -10.0000 
137  1     10.0000      10.0000      -1.0000  
138  1     9.0000       10.0000      -2.0000  
139  1     8.0000       10.0000      -1.0000  
140  1     9.0000       10.0000      0.0000   
141  1     10.0000      10.0000      -3.0000  
142  1     9.0000       10.0000      -4.0000  
143  1     8.0000       10.0000      -3.0000  
144  1     10.0000      10.0000      -5.0000  
145  1     9.0000       10.0000      -6.0000  
146  1     8.0000       10.0000      -5.0000  
147  1     10.0000      10.0000      -7.0000  
148  1     9.0000       10.0000      -8.0000  
149  1     8.0000       10.0000      -7.0000  
150  1     10.0000      10.0000      -9.0000  
151  1     9.0000       10.0000      -10.0000 
152  1     8.0000       10.0000      -9.0000  
153  1     7.0000       10.0000      -2.0000  
154  1     6.0000       10.0000      -1.0000  
155  1     7.0000       10.0000      0.0000   
156  1     7.0000       10.0000      -4.0000  
157  1     6.0000       10.0000      -3.0000  
158  1     7.0000       10.0000      -6.0000  
159  1     6.0000       10.0000      -5.0000  
160  1     7.0000       10.0000      -8.0000  
161  1     6.0000       10.0000      -7.0000  
162  1     7.0000       10.0000      -10.0000 
163  1     6.0000       10.0000      -9.0000  
164  1     5.0000       10.0000      -2.0000  
165  1     4.0000       10.0000      -1.0000  
166  1     5.0000       10.0000      0.0000   
167  1     5.0000       10.0000      -4.0000  
168  1     4.0000       10.0000      -3.0000  
169  1     5.0000       10.0000      -6.0000  
170  1     4.0000       10.0000      -5.0000  
171  1     5.0000       10.0000      -8.0000  
172  1     4.0000       10.0000      -7.0000  
173  1     5.0000       10.0000      -10.0000 
174  1     4.0000       10.0000      -9.0000  
175  1     3.0000       10.0000      -2.0000  
176  1     2.0000       10.0000      -1.0000  
177  1     3.0000       10.0000      0.0000   
178  1     3.0000       10.0000      -4.0000  
179  1     2.0000       10.0000      -3.0000  
180  1     3.0000       10.0000      -6.0000  
181  1     2.0000       10.0000      -5.0000  
182  1     3.0000       10.0000      -8.0000  
183  1     2.0000       10.0000      -7.0000  
184  1     3.0000       10.0000      -10.0000 
185  1     2.0000       10.0000      -9.0000  
186  1     1.0000       10.0000      -2.0000  
187  1     0.0000       10.0000      -1.0000  
188  1     1.0000       10.0000      0.0000   
189  1     1.0000       10.0000      -4.0000  
190  1     0.0000       10.0000      -3.0000  
191  1     1.0000       10.0000      -6.0000  
192  1     0.0000       10.0000      -5.0000  
193  1     1.0000       10.0000      -8.0000  
194  1     0.0000       10.0000      -7.0000  
195  1     1.0000       10.0000      -10.0000 
196  1     0.0000       10.0000      -9.0000  
197  1     0.0000       9.0000       -2.0000  
198  1     0.0000       8.0000       -1.0000  
199  1     0.0000       9.0000       0.0000   
200  1     0.0000       9.0000       -4.0000  
201  1     0.0000       8.0000       -3.0000  
202  1     0.0000       9.0000       -6.0000  
203  1     0.0000       8.0000       -5.0000  
204  1     0.0000       9.0000       -8.0000  
205  1     0.0000       8.0000       -7.0000  
206  1     0.0000       9.0000       -10.0000 
207  1     0.0000       8.0000       -9.0000  
208  1     0.0000       7.0000       -2.0000  
209  1     0.0000       6.0000       -1.0000  
210  1     0.0000       7.0000       0.0000   
211  1     0.0000       7.0000       -4.0000  
212  1     0.0000       6.0000       -3.0000  
213  1     0.0000       7.0000       -6.0000  
214  1     0.0000       6.0000       -5.0000  
215  1     0.0000       7.0000       -8.0000  
216  1     0.0000       6.0000       -7.0000  
217  1     0.0000       7.0000       -10.0000 
218  1     0.0000       6.0000       -9.0000  
219  1     0.0000       5.0000       -2.0000  
220  1     0.0000       4.0000       -1.0000  
221  1     0.0000       5.0000       0.0000   
222  1     0.0000       5.0000       -4.0000  
223  1     0.0000       4.0000       -3.0000  
224  1     0.0000       5.0000       -6.0000  
225  1     0.0000       4.0000       -5.0000  
226  1     0.0000       5.0000       -8.0000  
227  1     0.0000       4.0000       -7.0000  
228  1     0.0000       5.0000       -10.0000 
229  1     0.0000       4.0000       -9.0000  
230  1     0.0000       3.0000       -2.0000  
231  1     0.0000       2.0000       -1.0000  
232  1     0.0000       3.0000       0.0000   
233  1     0.0000       3.0000       -4.0000  
234  1     0.0000       2.0000       -3.0000  
235  1     0.0000       3.0000       -6.0000  
236  1     0.0000       2.0000       -5.0000  
237  1     0.0000       3.0000       -8.0000  
238  1     0.0000       2.0000       -7.0000  
239  1     0.0000       3.0000       -10.0000 
240  1     0.0000       2.0000       -9.0000  
241  1     0.0000       1.0000       -2.0000  
242  1     0.0000       0.0000       -1.0000  
243  1     0.0000       1.0000       0.0000   
244  1     0.0000       1.0000       -4.0000  
245  1     0.0000       0.0000       -3.0000  
246  1     0.0000       1.0000       -6.0000  
247  1     0.0000       0.0000       -5.0000  
248  1     0.0000       1.0000       -8.0000  
249  1     0.0000       0.0000       -7.0000  
250  1     0.0000       1.0000       -10.0000 
251  1     0.0000       0.0000       -9.0000  
252  1     1.0000       0.0000       -2.0000  
253  1     2.0000       0.0000       -1.0000  
254  1     1.0000       0.0000       0.0000   
255  1     1.0000       0.0000       -4.0000  
256  1     2.0000       0.0000       -3.0000  
257  1     1.0000       0.0000       -6.0000  
258  1     2.0000       0.0000       -5.0000  
259  1     1.0000       0.0000       -8.0000  
260  1     2.0000       0.0000       -7.0000  
261  1     1.0000       0.0000       -10.0000 
262  1     2.0000       0.0000       -9.0000  
263  1     3.0000       0.0000       -2.0000  
264  1     4.0000       0.0000       -1.0000  
265  1     3.0000       0.0000       0.0000   
266  1     3.0000       0.0000       -4.0000  
267  1     4.0000       0.0000       -3.0000  
268  1     3.0000       0.0000       -6.0000  
269  1     4.0000       0.0000       -5.0000  
270  1     3.0000       0.0000       -8.0000  
271  1     4.0000       0.0000       -7.0000  
272  1     3.0000       0.0000       -10.0000 
273  1     4.0000       0.0000       -9.0000  
274  1     5.0000       0.0000       -2.0000  
275  1     6.0000       0.0000       -1.0000  
276  1     5.0000       0.0000       0.0000   
277  1     5.0000       0.0000       -4.0000  
278  1     6.0000       0.0000       -3.0000  
279  1     5.0000       0.0000       -6.0000  
280  1     6.0000       0.0000       -5.0000  
281  1     5.0000       0.0000       -8.0000  
282  1     6.0000       0.0000       -7.0000  
283  1     5.0000       0.0000       -10.0000 
284  1     6.0000       0.0000       -9.0000  
285  1     7.0000       0.0000       -2.0000  
286  1     8.0000       0.0000       -1.0000  
287  1     7.0000       0.0000       0.0000   
288  1     7.0000       0.0000       -4.0000  
289  1     8.0000       0.0000       -3.0000  
290  1     7.0000       0.0000       -6.0000  
291  1     8.0000       0.0000       -5.0000  
292  1     7.0000       0.0000       -8.0000  
293  1     8.0000       0.0000       -7.0000  
294  1     7.0000       0.0000       -10.0000 
295  1     8.0000       0.0000       -9.0000  
296  1     9.0000       0.0000       -2.0000  
297  1     10.0000      0.0000       -1.0000  
298  1     9.0000       0.0000       0.0000   
299  1     9.0000       0.0000       -4.0000  
300  1     10.0000      0.0000       -3.0000  
301  1     9.0000       0.0000       -6.0000  
302  1     10.0000      0.0000       -5.0000  
303  1     9.0000       0.0000       -8.0000  
304  1     10.0000      0.0000       -7.0000  
305  1     9.0000       0.0000       -10.0000 
306  1     10.0000      0.0000       -9.0000  
307  1     10.0000      1.0000       -2.0000  
308  1     10.0000      2.0000       -1.0000  
309  1     10.0000      1.0000       0.0000   
310  1     10.0000      1.0000       -4.0000  
311  1     10.0000      2.0000       -3.0000  
312  1     10.0000      1.0000       -6.0000  
313  1     10.0000      2.0000       -5.0000  
314  1     10.0000      1.0000       -8.0000  
315  1     10.0000      2.0000       -7.0000  
316  1     10.0000      1.0000       -10.0000 
317  1     10.0000      2.0000       -9.0000  
318  1     10.0000      3.0000       -2.0000  
319  1     10.0000      4.0000       -1.0000  
320  1     10.0000      3.0000       0.0000   
321  1     10.0000      3.0000       -4.0000  
322  1     10.0000      4.0000       -3.0000  
323  1     10.0000      3.0000       -6.0000  
324  1     10.0000      4.0000       -5.0000  
325  1     10.0000      3.0000       -8.0000  
326  1     10.0000      4.0000       -7.0000  
327  1     10.0000      3.0000       -10.0000 
328  1     10.0000      4.0000       -9.0000  
329  1     10.0000      5.0000       -2.0000  
330  1     10.0000      6.0000       -1.0000  
331  1     10.0000      5.0000       0.0000   
332  1     10.0000      5.0000       -4.0000  
333  1     10.0000      6.0000       -3.0000  
334  1     10.0000      5.0000       -6.0000  
335  1     10.0000      6.0000       -5.0000  
336  1     10.0000      5.0000       -8.0000  
337  1     10.0000      6.0000       -7.0000  
338  1     10.0000      5.0000       -10.0000 
339  1     10.0000      6.0000       -9.0000  
340  1     10.0000      7.0000       -2.0000  
341  1     10.0000      8.0000       -1.0000  
342  1     10.0000      7.0000       0.0000   
343  1     10.0000      7.0000       -4.0000  
344  1     10.0000      8.0000       -3.0000  
345  1     10.0000      7.0000       -6.0000  
346  1     10.0000      8.0000       -5.0000  
347  1     10.0000      7.0000       -8.0000  
348  1     10.0000      8.0000       -7.0000  
349  1     10.0000      7.0000       -10.0000 
350  1     10.0000      8.0000       -9.0000  
351  1     10.0000      9.0000       -2.0000  
352  1     10.0000      9.0000       0.0000   
353  1     10.0000      9.0000       -4.0000  
354  1     10.0000      9.0000       -6.0000  
355  1     10.0000      9.0000       -8.0000  
356  1     10.0000      9.0000       -10.0000 
357  1     9.0000       8.0000       -10.0000 
358  1     8.0000       9.0000       -10.0000 
359  1     9.0000       6.0000       -10.0000 
360  1     8.0000       7.0000       -10.0000 
361  1     9.0000       4.0000       -10.0000 
362  1     8.0000       5.0000       -10.0000 
363  1     9.0000       2.0000       -10.0000 
364  1     8.0000       3.0000       -10.0000 
365  1     8.0000       1.0000       -10.0000 
366  1     7.0000       8.0000       -10.0000 
367  1     6.0000       9.0000       -10.0000 
368  1     7.0000       6.0000       -10.0000 
369  1     6.0000       7.0000       -10.0000 
370  1     7.0000       4.0000       -10.0000 
371  1     6.0000       5.0000       -10.0000 
372  1     7.0000       2.0000       -10.0000 
373  1     6.0000       3.0000       -10.0000 
374  1     6.0000       1.0000       -10.0000 
375  1     5.0000       8.0000       -10.0000 
376  1     4.0000       9.0000       -10.0000 
377  1     5.0000       6.0000       -10.0000 
378  1     4.0000       7.0000       -10.0000 
379  1     5.0000       4.0000       -10.0000 
380  1     4.0000       5.0000       -10.0000 
381  1     5.0000       2.0000       -10.0000 
382  1     4.0000       3.0000       -10.0000 
383  1     4.0000       1.0000       -10.0000 
384  1     3.0000       8.0000       -10.0000 
385  1     2.0000       9.0000       -10.0000 
386  1     3.0000       6.0000       -10.0000 
387  1     2.0000       7.0000       -10.0000 
388  1     3.0000       4.0000       -10.0000 
389  1     2.0000       5.0000       -10.0000 
390  1     3.0000       2.0000       -10.0000 
391  1     2.0000       3.0000       -10.0000 
392  1     2.0000       1.0000       -10.0000 
393  1     1.0000       8.0000       -10.0000 
394  1     1.0000       6.0000       -10.0000 
395  1     1.0000       4.0000       -10.0000 
396  1     1.0000       2.0000       -10.0000 
1    1     0.0000       1.0000       0.0000   
2    1     0.0000       1.0000       0.0000   
3    1     0.0000       1.0000       0.0000   
4    1     0.0000       1.0000       0.0000   
5    1     0.0000       1.0000       0.0000   
6    1     0.0000       1.0000       0.0000   
7    1     0.0000       1.0000       0.0000   
8    1     0.0000       1.0000       0.0000   
9    1     0.0000       1.0000       0.0000   
10   1     0.0000       1.0000       0.0000   
11   1     0.0000       1.0000       0.0000   
12   1     0.0000       1.0000       0.0000   
13   1     0.0000       1.0000       0.0000   
14   1     0.0000       1.0000       0.0000   
15   1     0.0000       1.0000       0.0000   
16   1     0.0000       1.0000       0.0000   
17   1     0.0000       1.0000       0.0000   
18   1     0.0000       1.0000       0.0000   
19   1     0.0000       1.0000       0.0000   
20   1     0.0000       1.0000       0.0000   
21   1     0.0000       1.0000       0.0000   
22   1     0.0000       1.0000       0.0000   
23   1     0.0000       1.0000       0.0000   
24   1     0.0000       1.0000       0.0000   
25   1     0.0000       1.0000       0.0000   
26   1     0.0000       1.0000       0.0000   
27   1     0.0000       1.0000       0.0000   
28   1     0.0000       1.0000       0.0000   
29   1     0.0000       1.0000       0.0000   
30   1     0.0000       1.0000       0.0000   
31   1     0.0000       1.0000       0.0000   
32   1     0.0000       1.0000       0.0000   
33   1     0.0000       1.0000       0.0000   
34   1     0.0000       1.0000       0.0000   
35   1     0.0000       1.0000       0.0000   
36   1     0.0000       1.0000       0.0000   
37   1     0.0000       1.0000       0.0000   
38   1     0.0000       1.0000       0.0000   
39   1     0.0000       1.0000       0.0000   
40   1     0.0000       1.0000       0.0000   
41   1     0.0000       1.0000       0.0000   
42   1     0.0000       1.0000       0.0000   
43   1     0.0000       1.0000       0.0000   
44   1     0.0000       1.0000       0.0000   
45   1     0.0000       1.0000       0.0000   
46   1     0.0000       1.0000       0.0000   
47   1     0.0000       1.0000       0.0000   
48   1     0.0000       1.0000       0.0000   
49   1     0.0000       1.0000       0.0000   
50   1     0.0000       1.0000       0.0000   
51   1     0.0000       1.0000       0.0000   
52   1     0.0000       1.0000       0.0000   
53   1     0.0000       1.0000       0.0000   
54   1     0.0000       1.0000       0.0000   
55   1     0.0000       1.0000       0.0000   
56   1     0.0000       1.0000       0.0000   
57   1     0.0000       1.0000       0.0000   
58   1     0.0000       1.0000       0.0000   
59   1     0.0000       1.0000       0.0000   
60   1     0.0000       1.0000       0.0000   
61   1     0.0000       1.0000       0.0000   
62   1     0.0000       1.0000       0.0000   
63   1     0.0000       1.0000       0.0000   
64   1     0.0000       1.0000       0.0000   
65   1     0.0000       1.0000       0.0000   
66   1     0.0000       1.0000       0.0000   
67   1     0.0000       1.0000       0.0000   
68   1     0.0000       1.0000       0.0000   
69   1     0.0000       1.0000       0.0000   
70   1     0.0000       1.0000       0.0000   
71   1     0.0000       1.0000       0.0000   
72   1     0.0000       1.0000       0.0000   
73   1     0.0000       1.0000       0.0000   
74   1     0.0000       1.0000       0.0000   
75   1     0.0000       1.0000       0.0000   
76   1     0.0000       1.0000       0.0000   
77   1     0.0000       1.0000       0.0000   
78   1     0.0000       1.0000       0.0000   
79   1     0.0000       1.0000       0.0000   
80   1     0.0000       1.0000       0.0000   
81   1     0.0000       1.0000       0.0000   
82   1     0.0000       1.0000       0.0000   
83   1     0.0000       1.0000       0.0000   
84   1     0.0000       1.0000       0.0000   
85   1     0.0000       1.0000       0.0000   
86   1     0.0000       1.0000       0.0000   
87   1     0.0000       1.0000       0.0000   
88   1     0.0000       1.0000       0.0000   
89   1     0.0000       1.0000       0.0000   
90   1     0.0000       1.0000       0.0000   
91   1     0.0000       1.0000       0.0000   
92   1     0.0000       1.0000       0.0000   
93   1     0.0000       1.0000       0.0000   
94   1     0.0000       1.0000       0.0000   
95   1     0.0000       1.0000       0.0000   
96   1     0.0000       1.0000       0.0000   
97   1     0.0000       1.0000       0.0000   
98   1     0.0000       1.0000       0.0000   
99   1     0.0000       1.0000       0.0000   
100  1     0.0000       1.0000       0.0000   
101  1     0.0000       1.0000       0.0000   
102  1     0.0000       1.0000       0.0000   
103  1     0.0000       1.0000       0.0000   
104  1     0.0000       1.0000       0.0000   
105  1     0.0000       1.0000       0.0000   
106  1     0.0000       1.0000       0.0000   
107  1     0.0000       1.0000       0.0000   
108  1     0.0000       1.0000       0.0000   
109  1     0.0000       1.0000       0.0000   
110  1     0.0000       1.0000       0.0000   
111  1     0.0000       1.0000       0.0000   
112  1     0.0000       1.0000       0.0000   
113  1     0.0000       1.0000       0.0000   
114  1     0.0000       1.0000       0.0000   
115  1     0.0000       1.0000       0.0000   
116  1     0.0000       1.0000       0.0000   
117  1     0.0000       1.0000       0.0000   
118  1     0.0000       1.0000       0.0000   
119  1     0.0000       1.0000       0.0000   
120  1     0.0000       1.0000       0.0000   
121  1     0.0000       1.0000       0.0000   
122  1     0.0000       1.0000       0.0000   
123  1     0.0000       1.0000       0.0000   
124  1     0.0000       1.0000       0.0000   
125  1     0.0000       1.0000       0.0000   
126  1     0.0000       1.0000       0.0000   
127  1     0.0000       1.0000       0.0000   
128  1     0.0000       1.0000       0.0000   
129  1     0.0000       1.0000       0.0000   
130  1     0.0000       1.0000       0.0000   
131  1     0.0000       1.0000       0.0000   
132  1     0.0000       1.0000       0.0000   
133  1     0.0000       1.0000       0.0000   
134  1     0.0000       1.0000       0.0000   
135  1     0.0000       1.0000       0.0000   
136  1     0.0000       1.0000       0.0000   
137  1     0.0000       1.0000       0.0000   
138  1     0.0000       1.0000       0.0000   
139  1     0.0000       1.0000       0.0000   
140  1     0.0000       1.0000       0.0000   
141  1     0.0000       1.0000       0.0000   
142  1     0.0000       1.0000       0.0000   
143  1     0.0000       1.0000       0.0000   
144  1     0.0000       1.0000       0.0000   
145  1     0.0000       1.0000       0.0000   
146  1     0.0000       1.0000       0.0000   
147  1     0.0000       1.0000       0.0000   
148  1     0.0000       1.0000       0.0000   
149  1     0.0000       1.0000       0.0000   
150  1     0.0000       1.0000       0.0000   
151  1     0.0000       1.0000       0.0000   
152  1     0.0000       1.0000       0.0000   
153  1     0.0000       1.0000       0.0000   
154  1     0.0000       1.0000       0.0000   
155  1     0.0000       1.0000       0.0000   
156  1     0.0000       1.0000       0.0000   
157  1     0.0000       1.0000       0.0000   
158  1     0.0000       1.0000       0.0000   
159  1     0.0000       1.0000       0.0000   
160  1     0.0000       1.0000       0.0000   
161  1     0.0000       1.0000       0.0000   
162  1     0.0000       1.0000       0.0000   
163  1     0.0000       1.0000       0.0000   
164  1     0.0000       1.0000       0.0000   
165  1     0.0000       1.0000       0.0000   
166  1     0.0000       1.0000       0.0000   
167  1     0.0000       1.0000       0.0000   
168  1     0.0000       1.0000       0.0000   
169  1     0.0000       1.0000       0.0000   
170  1     0.0000       1.0000       0.0000   
171  1     0.0000       1.0000       0.0000   
172  1     0.0000       1.0000       0.0000   
173  1     0.0000       1.0000       0.0000   
174  1     0.0000       1.0000       0.0000   
175  1     0.0000       1.0000       0.0000   
176  1     0.0000       1.0000       0.0000   
177  1     0.0000       1.0000       0.0000   
178  1     0.0000       1.0000       0.0000   
179  1     0.0000       1.0000       0.0000   
180  1     0.0000       1.0000       0.0000   
181  1     0.0000       1.0000       0.0000   
182  1     0.0000       1.0000       0.0000   
183  1     0.0000       1.0000       0.0000   
184  1     0.0000       1.0000       0.0000   
185  1     0.0000       1.0000       0.0000   
186  1     0.0000       1.0000       0.0000   
187  1     0.0000       1.0000       0.0000   
188  1     0.0000       1.0000       0.0000   
189  1     0.0000       1.0000       0.0000   
190  1     0.0000       1.0000       0.0000   
191  1     0.0000       1.0000       0.0000   
192  1     0.0000       1.0000       0.0000   
193  1     0.0000       1.0000       0.0000   
194  1     0.0000       1.0000       0.0000   
195  1     0.0000       1.0000       0.0000   
196  1     0.0000       1.0000       0.0000   
197  1     0.0000       1.0000       0.0000   
198  1     0.0000       1.0000       0.0000   
199  1     0.0000       1.0000       0.0000   
200  1     0.0000       1.0000       0.0000   
201  1     -1.0000      -0.0000      -0.0000  
202  1     -1.0000      -0.0000      -0.0000  
203  1     -1.0000      -0.0000      -0.0000  
204  1     -1.0000      -0.0000      -0.0000  
205  1     -1.0000      -0.0000      -0.0000  
206  1     -1.0000      -0.0000      -0.0000  
207  1     -1.0000      -0.0000      -0.0000  
208  1     -1.0000      -0.0000      -0.0000  
209  1     -1.0000      -0.0000      -0.0000  
210  1     -1.0000      -0.0000      -0.0000  
211  1     -1.0000      -0.0000      -0.0000  
212  1     -1.0000      -0.0000      -0.0000  
213  1     -1.0000      -0.0000      -0.0000  
214  1     -1.0000      -0.0000      -0.0000  
215  1     -1.0000      -0.0000      -0.0000  
216  1     -1.0000      -0.0000      -0.0000  
217  1     -1.0000      -0.0000      -0.0000  
218  1     -1.0000      -0.0000      -0.0000  
219  1     -1.0000      -0.0000      -0.0000  
220  1     -1.0000      -0.0000      -0.0000  
221  1     -1.0000      -0.0000      -0.0000  
222  1     -1.0000      -0.0000      -0.0000  
223  1     -1.0000      -0.0000      -0.0000  
224  1     -1.0000      -0.0000      -0.0000  
225  1     -1.0000      -0.0000      -0.0000  
226  1     -1.0000      -0.0000      -0.0000  
227  1     -1.0000      -0.0000      -0.0000  
228  1     -1.0000      -0.0000      -0.0000  
229  1     -1.0000      -0.0000      -0.0000  
230  1     -1.0000      -0.0000      -0.0000  
231  1     -1.0000      -0.0000      -0.0000  
232  1     -1.0000      -0.0000      -0.0000  
233  1     -1.0000      -0.0000      -0.0000  
234  1     -1.0000      -0.0000      -0.0000  
235  1     -1.0000      -0.0000      -0.0000  
236  1     -1.0000      -0.0000      -0.0000  
237  1     -1.0000      -0.0000      -0.0000  
238  1     -1.0000      -0.0000      -0.0000  
239  1     -1.0000      -0.0000      -0.0000  
240  1     -1.0000      -0.0000      -0.0000  
241  1     -1.0000      -0.0000      -0.0000  
242  1     -1.0000      -0.0000      -0.0000  
243  1     -1.0000      -0.0000      -0.0000  
244  1     -1.0000      -0.0000      -0.0000  
245  1     -1.0000      -0.0000      -0.0000  
246  1     -1.0000      -0.0000      -0.0000  
247  1     -1.0000      -0.0000      -0.0000  
248  1     -1.0000      -0.0000      -0.0000  
249  1     -1.0000      -0.0000      -0.0000  
250  1     -1.0000      -0.0000      -0.0000  
251  1     -1.0000      -0.0000      -0.0000  
252  1     -1.0000      -0.0000      -0.0000  
253  1     -1.0000      -0.0000      -0.0000  
254  1     -1.0000      -0.0000      -0.0000  
255  1     -1.0000      -0.0000      -0.0000  
256  1     -1.0000      -0.0000      -0.0000  
257  1     -1.0000      -0.0000      -0.0000  
258  1     -1.0000      -0.0000      -0.0000  
259  1     -1.0000      -0.0000      -0.0000  
260  1     -1.0000      -0.0000      -0.0000  
261  1     -1.0000      -0.0000      -0.0000  
262  1     -1.0000      -0.0000      -0.0000  
263  1     -1.0000      -0.0000      -0.0000  
264  1     -1.0000      -0.0000      -0.0000  
265  1     -1.0000      -0.0000      -0.0000  
266  1     -1.0000      -0.0000      -0.0000  
267  1     -1.0000      -0.0000      -0.0000  
268  1     -1.0000      -0.0000      -0.0000  
269  1     -1.0000      -0.0000      -0.0000  
270  1     -1.0000      -0.0000      -0.0000  
271  1     -1.0000      -0.0000      -0.0000  
272  1     -1.0000      -0.0000      -0.0000  
273  1     -1.0000      -0.0000      -0.0000  
274  1     -1.0000      -0.0000      -0.0000  
275  1     -1.0000      -0.0000      -0.0000  
276  1     -1.0000      -0.0000      -0.0000  
277  1     -1.0000      -0.0000      -0.0000  
278  1     -1.0000      -0.0000      -0.0000  
279  1     -1.0000      -0.0000      -0.0000  
280  1     -1.0000      -0.0000      -0.0000  
281  1     -1.0000      -0.0000      -0.0000  
282  1     -1.0000      -0.0000      -0.0000  
283  1     -1.0000      -0.0000      -0.0000  
284  1     -1.0000      -0.0000      -0.0000  
285  1     -1.0000      -0.0000      -0.0000  
286  1     -1.0000      -0.0000      -0.0000  
287  1     -1.0000      -0.0000      -0.0000  
288  1     -1.0000      -0.0000      -0.0000  
289  1     -1.0000      -0.0000      -0.0000  
290  1     -1.0000      -0.0000      -0.0000  
291  1     -1.0000      -0.0000      -0.0000  
292  1     -1.0000      -0.0000      -0.0000  
293  1     -1.0000      -0.0000      -0.0000  
294  1     -1.0000      -0.0000      -0.0000  
295  1     -1.0000      -0.0000      -0.0000  
296  1     -1.0000      -0.0000      -0.0000  
297  1     -1.0000      -0.0000      -0.0000  
298  1     -1.0000      -0.0000      -0.0000  
299  1     -1.0000      -0.0000      -0.0000  
300  1     -1.0000      -0.0000      -0.0000  
301  1     -1.0000      -0.0000      -0.0000  
302  1     -1.0000      -0.0000      -0.0000  
303  1     -1.0000      -0.0000      -0.0000  
304  1     -1.0000      -0.0000      -0.0000  
305  1     -1.0000      -0.0000      -0.0000  
306  1     -1.0000      -0.0000      -0.0000  
307  1     -1.0000      -0.0000      -0.0000  
308  1     -1.0000      -0.0000      -0.0000  
309  1     -1.0000      -0.0000      -0.0000  
310  1     -1.0000      -0.0000      -0.0000  
311  1     -1.0000      -0.0000      -0.0000  
312  1     -1.0000      -0.0000      -0.0000  
313  1     -1.0000      -0.0000      -0.0000  
314  1     -1.0000      -0.0000      -0.0000  
315  1     -1.0000      -0.0000      -0.0000  
316  1     -1.0000      -0.0000      -0.0000  
317  1     -1.0000      -0.0000      -0.0000  
318  1     -1.0000      -0.0000      -0.0000  
319  1     -1.0000      -0.0000      -0.0000  
320  1     -1.0000      -0.0000      -0.0000  
321  1     -1.0000      -0.0000      -0.0000  
322  1     -1.0000      -0.0000      -0.0000  
323  1     -1.0000      -0.0000      -0.0000  
324  1     -1.0000      -0.0000      -0.0000  
325  1     -1.0000      -0.0000      -0.0000  
326  1     -1.0000      -0.0000      -0.0000  
327  1     -1.0000      -0.0000      -0.0000  
328  1     -1.0000      -0.0000      -0.0000  
329  1     -1.0000      -0.0000      -0.0000  
330  1     -1.0000      -0.0000      -0.0000  
331  1     -1.0000      -0.0000      -0.0000  
332  1     -1.0000      -0.0000      -0.0000  
333  1     -1.0000      -0.0000      -0.0000  
334  1     -1.0000      -0.0000      -0.0000  
335  1     -1.0000      -0.0000      -0.0000  
336  1     -1.0000      -0.0000      -0.0000  
337  1     -1.0000      -0.0000      -0.0000  
338  1     -1.0000      -0.0000      -0.0000  
339  1     -1.0000      -0.0000      -0.0000  
340  1     -1.0000      -0.0000      -0.0000  
341  1     -1.0000      -0.0000      -0.0000  
342  1     -1.0000      -0.0000      -0.0000  
343  1     -1.0000      -0.0000      -0.0000  
344  1     -1.0000      -0.0000      -0.0000  
345  1     -1.0000      -0.0000      -0.0000  
346  1     -1.0000      -0.0000      -0.0000  
347  1     -1.0000      -0.0000      -0.0000  
348  1     -1.0000      -0.0000      -0.0000  
349  1     -1.0000      -0.0000      -0.0000  
350  1     -1.0000      -0.0000      -0.0000  
351  1     -1.0000      -0.0000      -0.0000  
352  1     -1.0000      -0.0000      -0.0000  
353  1     -1.0000      -0.0000      -0.0000  
354  1     -1.0000      -0.0000      -0.0000  
355  1     -1.0000      -0.0000      -0.0000  
356  1     -1.0000      -0.0000      -0.0000  
357  1     -1.0000      -0.0000      -0.0000  
358  1     -1.0000      -0.0000      -0.0000  
359  1     -1.0000      -0.0000      -0.0000  
360  1     -1.0000      -0.0000      -0.0000  
361  1     -1.0000      -0.0000      -0.0000  
362  1     -1.0000      -0.0000      -0.0000  
363  1     -1.0000      -0.0000      -0.0000  
364  1     -1.0000      -0.0000      -0.0000  
365  1     -1.0000      -0.0000      -0.0000  
366  1     -1.0000      -0.0000      -0.0000  
367  1     -1.0000      -0.0000      -0.0000  
368  1     -1.0000      -0.0000      -0.0000  
369  1     -1.0000      -0.0000      -0.0000  
370  1     -1.0000      -0.0000      -0.0000  
371  1     -1.0000      -0.0000      -0.0000  
372  1     -1.0000      -0.0000      -0.0000  
373  1     -1.0000      -0.0000      -0.0000  
374  1     -1.0000      -0.0000      -0.0000  
375  1     -1.0000      -0.0000      -0.0000  
376  1     -1.0000      -0.0000      -0.0000  
377  1     -1.0000      -0.0000      -0.0000  
378  1     -1.0000      -0.0000      -0.0000  
379  1     -1.0000      -0.0000      -0.0000  
380  1     -1.0000      -0.0000      -0.0000  
381  1     -1.0000      -0.0000      -0.0000  
382  1     -1.0000      -0.0000      -0.0000  
383  1     -1.0000      -0.0000      -0.0000  
384  1     -1.0000      -0.0000      -0.0000  
385  1     -1.0000      -0.0000      -0.0000  
386  1     -1.0000      -0.0000      -0.0000  
387  1     -1.0000      -0.0000      -0.0000  
388  1     -1.0000      -0.0000      -0.0000  
389  1     -1.0000      -0.0000      -0.0000  
390  1     -1.0000      -0.0000      -0.0000  
391  1     -1.0000      -0.0000      -0.0000  
392  1     -1.0000      -0.0000      -0.0000  
393  1     -1.0000      -0.0000      -0.0000  
394  1     -1.0000      -0.0000      -0.0000  
395  1     -1.0000      -0.0000      -0.0000  
396  1     -1.0000      -0.0000      -0.0000  
397  1     -1.0000      -0.0000      -0.0000  
398  1     -1.0000      -0.0000      -0.0000  
399  1     -1.0000      -0.0000      -0.0000  
400  1     -1.0000      -0.0000      -0.0000  
401  1     0.0000       -1.0000      0.0000   
402  1     0.0000       -1.0000      0.0000   
403  1     0.0000       -1.0000      0.0000   
404  1     0.0000       -1.0000      0.0000   
405  1     0.0000       -1.0000      0.0000   
406  1     0.0000       -1.0000      0.0000   
407  1     0.0000       -1.0000      0.0000   
408  1     0.0000       -1.0000      0.0000   
409  1     0.0000       -1.0000      0.0000   
410  1     0.0000       -1.0000      0.0000   
411  1     0.0000       -1.0000      0.0000   
412  1     0.0000       -1.0000      0.0000   
413  1     0.0000       -1.0000      0.0000   
414  1     0.0000       -1.0000      0.0000   
415  1     0.0000       -1.0000      0.0000   
416  1     0.0000       -1.0000      0.0000   
417  1     0.0000       -1.0000      0.0000   
418  1     0.0000       -1.0000      0.0000   
419  1     0.0000       -1.0000      0.0000   
420  1     0.0000       -1.0000      0.0000   
421  1     0.0000       -1.0000      0.0000   
422  1     0.0000       -1.0000      0.0000   
423  1     0.0000       -1.0000      0.0000   
424  1     0.0000       -1.0000      0.0000   
425  1     0.0000       -1.0000      0.0000   
426  1     0.0000       -1.0000      0.0000   
427  1     0.0000       -1.0000      0.0000   
428  1     0.0000       -1.0000      0.0000   
429  1     0.0000       -1.0000      0.0000   
430  1     0.0000       -1.0000      0.0000   
431  1     0.0000       -1.0000      0.0000   
432  1     0.0000       -1.0000      0.0000   
433  1     0.0000       -1.0000      0.0000   
434  1     0.0000       -1.0000      0.0000   
435  1     0.0000       -1.0000      0.0000   
436  1     0.0000       -1.0000      0.0000   
437  1     0.0000       -1.0000      0.0000   
438  1     0.0000       -1.0000      0.0000   
439  1     0.0000       -1.0000      0.0000   
440  1     0.0000       -1.0000      0.0000   
441  1     0.0000       -1.0000      0.0000   
442  1     0.0000       -1.0000      0.0000   
443  1     0.0000       -1.0000      0.0000   
444  1     0.0000       -1.0000      0.0000   
445  1     0.0000       -1.0000      0.0000   
446  1     0.0000       -1.0000      0.0000   
447  1     0.0000       -1.0000      0.0000   
448  1     0.0000       -1.0000      0.0000   
449  1     0.0000       -1.0000      0.0000   
450  1     0.0000       -1.0000      0.0000   
451  1     0.0000       -1.0000      0.0000   
452  1     0.0000       -1.0000      0.0000   
453  1     0.0000       -1.0000      0.0000   
454  1     0.0000       -1.0000      0.0000   
455  1     0.0000       -1.0000      0.0000   
456  1     0.0000       -1.0000      0.0000   
457  1     0.0000       -1.0000      0.0000   
458  1     0.0000       -1.0000      0.0000   
459  1     0.0000       -1.0000      0.0000   
460  1     0.0000       -1.0000      0.0000   
461  1     0.0000       -1.0000      0.0000   
462  1     0.0000       -1.0000      0.0000   
463  1     0.0000       -1.0000      0.0000   
464  1     0.0000       -1.0000      0.0000   
465  1     0.0000       -1.0000      0.0000   
466  1     0.0000       -1.0000      0.0000   
467  1     0.0000       -1.0000      0.0000   
468  1     0.0000       -1.0000      0.0000   
469  1     0.0000       -1.0000      0.0000   
470  1     0.0000       -1.0000      0.0000   
471  1     0.0000       -1.0000      0.0000   
472  1     0.0000       -1.0000      0.0000   
473  1     0.0000       -1.0000      0.0000   
474  1     0.0000       -1.0000      0.0000   
475  1     0.0000       -1.0000      0.0000   
476  1     0.0000       -1.0000      0.0000   
477  1     0.0000       -1.0000      0.0000   
478  1     0.0000       -1.0000      0.0000   
479  1     0.0000       -1.0000      0.0000   
480  1     0.0000       -1.0000      0.0000   
481  1     0.0000       -1.0000      0.0000   
482  1     0.0000       -1.0000      0.0000   
483  1     0.0000       -1.0000      0.0000   
484  1     0.0000       -1.0000      0.0000   
485  1     0.0000       -1.0000      0.0000   
486  1     0.0000       -1.0000      0.0000   
487  1     0.0000       -1.0000      0.0000   
488  1     0.0000       -1.0000      0.0000   
489  1     0.0000       -1.0000      0.0000   
490  1     0.0000       -1.0000      0.0000   
491  1     0.0000       -1.0000      0.0000   
492  1     0.0000       -1.0000      0.0000   
493  1     0.0000       -1.0000      0.0000   
494  1     0.0000       -1.0000      0.0000   
495  1     0.0000       -1.0000      0.0000   
496  1     0.0000       -1.0000      0.0000   
497  1     0.0000       -1.0000      0.0000   
498  1     0.0000       -1.0000      0.0000   
499  1     0.0000       -1.0000      0.0000   
500  1     0.0000       -1.0000      0.0000   
501  1     0.0000       -1.0000      0.0000   
502  1     0.0000       -1.0000      0.0000   
503  1     0.0000       -1.0000      0.0000   
504  1     0.0000       -1.0000      0.0000   
505  1     0.0000       -1.0000      0.0000   
506  1     0.0000       -1.0000      0.0000   
507  1     0.0000       -1.0000      0.0000   
508  1     0.0000       -1.0000      0.0000   
509  1     0.0000       -1.0000      0.0000   
510  1     0.0000       -1.0000      0.0000   
511  1     0.0000       -1.0000      0.0000   
512  1     0.0000       -1.0000      0.0000   
513  1     0.0000       -1.0000      0.0000   
514  1     0.0000       -1.0000      0.0000   
515  1     0.0000       -1.0000      0.0000   
516  1     0.0000       -1.0000      0.0000   
517  1     0.0000       -1.0000      0.0000   
518  1     0.0000       -1.0000      0.0000   
519  1     0.0000       -1.0000      0.0000   
520  1     0.0000       -1.0000      0.0000   
521  1     0.0000       -1.0000      0.0000   
522  1     0.0000       -1.0000      0.0000   
523  1     0.0000       -1.0000      0.0000   
524  1     0.0000       -1.0000      0.0000   
525  1     0.0000       -1.0000      0.0000   
526  1     0.0000       -1.0000      0.0000   
527  1     0.0000       -1.0000      0.0000   
528  1     0.0000       -1.0000      0.0000   
529  1     0.0000       -1.0000      0.0000   
530  1     0.0000       -1.0000      0.0000   
531  1     0.0000       -1.0000      0.0000   
532  1     0.0000       -1.0000      0.0000   
533  1     0.0000       -1.0000      0.0000   
534  1     0.0000       -1.0000      0.0000   
535  1     0.0000       -1.0000      0.0000   
536  1     0.0000       -1.0000      0.0000   
537  1     0.0000       -1.0000      0.0000   
538  1     0.0000       -1.0000      0.0000   
539  1     0.0000       -1.0000      0.0000   
540  1     0.0000       -1.0000      0.0000   
541  1     0.0000       -1.0000      0.0000   
542  1     0.0000       -1.0000      0.0000   
543  1     0.0000       -1.0000      0.0000   
544  1     0.0000       -1.0000      0.0000   
545  1     0.0000       -1.0000      0.0000   
546  1     0.0000       -1.0000      0.0000   
547  1     0.0000       -1.0000      0.0000   
548  1     0.0000       -1.0000      0.0000   
549  1     0.0000       -1.0000      0.0000   
550  1     0.0000       -1.0000      0.0000   
551  1     0.0000       -1.0000      0.0000   
552  1     0.0000       -1.0000      0.0000   
553  1     0.0000       -1.0000      0.0000   
554  1     0.0000       -1.0000      0.0000   
555  1     0.0000       -1.0000      0.0000   
556  1     0.0000       -1.0000      0.0000   
557  1     0.0000       -1.0000      0.0000   
558  1     0.0000       -1.0000      0.0000   
559  1     0.0000       -1.0000      0.0000   
560  1     0.0000       -1.0000      0.0000   
561  1     0.0000       -1.0000      0.0000   
562  1     0.0000       -1.0000      0.0000   
563  1     0.0000       -1.0000      0.0000   
564  1     0.0000       -1.0000      0.0000   
565  1     0.0000       -1.0000      0.0000   
566  1     0.0000       -1.0000      0.0000   
567  1     0.0000       -1.0000      0.0000   
568  1     0.0000       -1.0000      0.0000   
569  1     0.0000       -1.0000      0.0000   
570  1     0.0000       -1.0000      0.0000   
571  1     0.0000       -1.0000      0.0000   
572  1     0.0000       -1.0000      0.0000   
573  1     0.0000       -1.0000      0.0000   
574  1     0.0000       -1.0000      0.0000   
575  1     0.0000       -1.0000      0.0000   
576  1     0.0000       -1.0000      0.0000   
577  1     0.0000       -1.0000      0.0000   
578  1     0.0000       -1.0000      0.0000   
579  1     0.0000       -1.0000      0.0000   
580  1     0.0000       -1.0000      0.0000   
581  1     0.0000       -1.0000      0.0000   
582  1     0.0000       -1.0000      0.0000   
583  1     0.0000       -1.0000      0.0000   
584  1     0.0000       -1.0000      0.0000   
585  1     0.0000       -1.0000      0.0000   
586  1     0.0000       -1.0000      0.0000   
587  1     0.0000       -1.0000      0.0000   
588  1     0.0000       -1.0000      0.0000   
589  1     0.0000       -1.0000      0.0000   
590  1     0.0000       -1.0000      0.0000   
591  1     0.0000       -1.0000      0.0000   
592  1     0.0000       -1.0000      0.0000   
593  1     0.0000       -1.0000      0.0000   
594  1     0.0000       -1.0000      0.0000   
595  1     0.0000       -1.0000      0.0000   
596  1     0.0000       -1.0000      0.0000   
597  1     0.0000       -1.0000      0.0000   
598  1     0.0000       -1.0000      0.0000   
599  1     0.0000       -1.0000      0.0000   
600  1     0.0000       -1.0000      0.0000   
601  1     1.0000       -0.0000      0.0000   
602  1     1.0000       -0.0000      0.0000   
603  1     1.0000       -0.0000      0.0000   
604  1     1.0000       -0.0000      0.0000   
605  1     1.0000       -0.0000      0.0000   
606  1     1.0000       -0.0000      0.0000   
607  1     1.0000       -0.0000      0.0000   
608  1     1.0000       -0.0000      0.0000   
609  1     1.0000       -0.0000      0.0000   
610  1     1.0000       -0.0000      0.0000   
611  1     1.0000       -0.0000      0.0000   
612  1     1.0000       -0.0000      0.0000   
613  1     1.0000       -0.0000      0.0000   
614  1     1.0000       -0.0000      0.0000   
615  1     1.0000       -0.0000      0.0000   
616  1     1.0000       -0.0000      0.0000   
617  1     1.0000       -0.0000      0.0000   
618  1     1.0000       -0.0000      0.0000   
619  1     1.0000       -0.0000      0.0000   
620  1     1.0000       -0.0000      0.0000   
621  1     1.0000       -0.0000      0.0000   
622  1     1.0000       -0.0000      0.0000   
623  1     1.0000       -0.0000      0.0000   
624  1     1.0000       -0.0000      0.0000   
625  1     1.0000       -0.0000      0.0000   
626  1     1.0000       -0.0000      0.0000   
627  1     1.0000       -0.0000      0.0000   
628  1     1.0000       -0.0000      0.0000   
629  1     1.0000       -0.0000      0.0000   
630  1     1.0000       -0.0000      0.0000   
631  1     1.0000       -0.0000      0.0000   
632  1     1.0000       -0.0000      0.0000   
633  1     1.0000       -0.0000      0.0000   
634  1     1.0000       -0.0000      0.0000   
635  1     1.0000       -0.0000      0.0000   
636  1     1.0000       -0.0000      0.0000   
637  1     1.0000       -0.0000      0.0000   
638  1     1.0000       -0.0000      0.0000   
639  1     1.0000       -0.0000      0.0000   
640  1     1.0000       -0.0000      0.0000   
641  1     1.0000       -0.0000      0.0000   
642  1     1.0000       -0.0000      0.0000   
643  1     1.0000       -0.0000      0.0000   
644  1     1.0000       -0.0000      0.0000   
645  1     1.0000       -0.0000      0.0000   
646  1     1.0000       -0.0000      0.0000   
647  1     1.0000       -0.0000      0.0000   
648  1     1.0000       -0.0000      0.0000   
649  1     1.0000       -0.0000      0.0000   
650  1     1.0000       -0.0000      0.0000   
651  1     1.0000       -0.0000      0.0000   
652  1     1.0000       -0.0000      0.0000   
653  1     1.0000       -0.0000      0.0000   
654  1     1.0000       -0.0000      0.0000   
655  1     1.0000       -0.0000      0.0000   
656  1     1.0000       -0.0000      0.0000   
657  1     1.0000       -0.0000      0.0000   
658  1     1.0000       -0.0000      0.0000   
659  1     1.0000       -0.0000      0.0000   
660  1     1.0000       -0.0000      0.0000   
661  1     1.0000       -0.0000      0.0000   
662  1     1.0000       -0.0000      0.0000   
663  1     1.0000       -0.0000      0.0000   
664  1     1.0000       -0.0000      0.0000   
665  1     1.0000       -0.0000      0.0000   
666  1     1.0000       -0.0000      0.0000   
667  1     1.0000       -0.0000      0.0000   
668  1     1.0000       -0.0000      0.0000   
669  1     1.0000       -0.0000      0.0000   
670  1     1.0000       -0.0000      0.0000   
671  1     1.0000       -0.0000      0.0000   
672  1     1.0000       -0.0000      0.0000   
673  1     1.0000       -0.0000      0.0000   
674  1     1.0000       -0.0000      0.0000   
675  1     1.0000       -0.0000      0.0000   
676  1     1.0000       -0.0000      0.0000   
677  1     1.0000       -0.0000      0.0000   
678  1     1.0000       -0.0000      0.0000   
679  1     1.0000       -0.0000      0.0000   
680  1     1.0000       -0.0000      0.0000   
681  1     1.0000       -0.0000      0.0000   
682  1     1.0000       -0.0000      0.0000   
683  1     1.0000       -0.0000      0.0000   
684  1     1.0000       -0.0000      0.0000   
685  1     1.0000       -0.0000      0.0000   
686  1     1.0000       -0.0000      0.0000   
687  1     1.0000       -0.0000      0.0000   
688  1     1.0000       -0.0000      0.0000   
689  1     1.0000       -0.0000      0.0000   
690  1     1.0000       -0.0000      0.0000   
691  1     1.0000       -0.0000      0.0000   
692  1     1.0000       -0.0000      0.0000   
693  1     1.0000       -0.0000      0.0000   
694  1     1.0000       -0.0000      0.0000   
695  1     1.0000       -0.0000      0.0000   
696  1     1.0000       -0.0000      0.0000   
697  1     1.0000       -0.0000      0.0000   
698  1     1.0000       -0.0000      0.0000   
699  1     1.0000       -0.0000      0.0000   
700  1     1.0000       -0.0000      0.0000   
701  1     1.0000       -0.0000      0.0000   
702  1     1.0000       -0.0000      0.0000   
703  1     1.0000       -0.0000      0.0000   
704  1     1.0000       -0.0000      0.0000   
705  1     1.0000       -0.0000      0.0000   
706  1     1.0000       -0.0000      0.0000   
707  1     1.0000       -0.0000      0.0000   
708  1     1.0000       -0.0000      0.0000   
709  1     1.0000       -0.0000      0.0000   
710  1     1.0000       -0.0000      0.0000   
711  1     1.0000       -0.0000      0.0000   
712  1     1.0000       -0.0000      0.0000   
713  1     1.0000       -0.0000      0.0000   
714  1     1.0000       -0.0000      0.0000   
715  1     1.0000       -0.0000      0.0000   
716  1     1.0000       -0.0000      0.0000   
717  1     1.0000       -0.0000      0.0000   
718  1     1.0000       -0.0000      0.0000   
719  1     1.0000       -0.0000      0.0000   
720  1     1.0000       -0.0000      0.0000   
721  1     1.0000       -0.0000      0.0000   
722  1     1.0000       -0.0000      0.0000   
723  1     1.0000       -0.0000      0.0000   
724  1     1.0000       -0.0000      0.0000   
725  1     1.0000       -0.0000      0.0000   
726  1     1.0000       -0.0000      0.0000   
727  1     1.0000       -0.0000      0.0000   
728  1     1.0000       -0.0000      0.0000   
729  1     1.0000       -0.0000      0.0000   
730  1     1.0000       -0.0000      0.0000   
731  1     1.0000       -0.0000      0.0000   
732  1     1.0000       -0.0000      0.0000   
733  1     1.0000       -0.0000      0.0000   
734  1     1.0000       -0.0000      0.0000   
735  1     1.0000       -0.0000      0.0000   
736  1     1.0000       -0.0000      0.0000   
737  1     1.0000       -0.0000      0.0000   
738  1     1.0000       -0.0000      0.0000   
739  1     1.0000       -0.0000      0.0000   
740  1     1.0000       -0.0000      0.0000   
741  1     1.0000       -0.0000      0.0000   
742  1     1.0000       -0.0000      0.0000   
743  1     1.0000       -0.0000      0.0000   
744  1     1.0000       -0.0000      0.0000   
745  1     1.0000       -0.0000      0.0000   
746  1     1.0000       -0.0000      0.0000   
747  1     1.0000       -0.0000      0.0000   
748  1     1.0000       -0.0000      0.0000   
749  1     1.0000       -0.0000      0.0000   
750  1     1.0000       -0.0000      0.0000   
751  1     1.0000       -0.0000      0.0000   
752  1     1.0000       -0.0000      0.0000   
753  1     1.0000       -0.0000      0.0000   
754  1     1.0000       -0.0000      0.0000   
755  1     1.0000       -0.0000      0.0000   
756  1     1.0000       -0.0000      0.0000   
757  1     1.0000       -0.0000      0.0000   
758  1     1.0000       -0.0000      0.0000   
759  1     1.0000       -0.0000      0.0000   
760  1     1.0000       -0.0000      0.0000   
761  1     1.0000       -0.0000      0.0000   
762  1     1.0000       -0.0000      0.0000   
763  1     1.0000       -0.0000      0.0000   
764  1     1.0000       -0.0000      0.0000   
765  1     1.0000       -0.0000      0.0000   
766  1     1.0000       -0.0000      0.0000   
767  1     1.0000       -0.0000      0.0000   
768  1     1.0000       -0.0000      0.0000   
769  1     1.0000       -0.0000      0.0000   
770  1     1.0000       -0.0000      0.0000   
771  1     1.0000       -0.0000      0.0000   
772  1     1.0000       -0.0000      0.0000   
773  1     1.0000       -0.0000      0.0000   
774  1     1.0000       -0.0000      0.0000   
775  1     1.0000       -0.0000      0.0000   
776  1     1.0000       -0.0000      0.0000   
777  1     1.0000       -0.0000      0.0000   
778  1     1.0000       -0.0000      0.0000   
779  1     1.0000       -0.0000      0.0000   
780  1     1.0000       -0.0000      0.0000   
781  1     1.0000       -0.0000      0.0000   
782  1     1.0000       -0.0000      0.0000   
783  1     1.0000       -0.0000      0.0000   
784  1     1.0000       -0.0000      0.0000   
785  1     1.0000       -0.0000      0.0000   
786  1     1.0000       -0.0000      0.0000   
787  1     1.0000       -0.0000      0.0000   
788  1     1.0000       -0.0000      0.0000   
789  1     1.0000       -0.0000      0.0000   
790  1     1.0000       -0.0000      0.0000   
791  1     1.0000       -0.0000      0.0000   
792  1     1.0000       -0.0000      0.0000   
793  1     1.0000       -0.0000      0.0000   
794  1     1.0000       -0.0000      0.0000   
795  1     1.0000       -0.0000      0.0000   
796  1     1.0000       -0.0000      0.0000   
797  1     1.0000       -0.0000      0.0000   
798  1     1.0000       -0.0000      0.0000   
799  1     1.0000       -0.0000      0.0000   
800  1     1.0000       -0.0000      0.0000   
801  1     -0.0000      -0.0000      -1.0000  
802  1     -0.0000      -0.0000      -1.0000  
803  1     -0.0000      -0.0000      -1.0000  
804  1     -0.0000      -0.0000      -1.0000  
805  1     -0.0000      -0.0000      -1.0000  
806  1     -0.0000      -0.0000      -1.0000  
807  1     -0.0000      -0.0000      -1.0000  
808  1     -0.0000      -0.0000      -1.0000  
809  1     -0.0000      -0.0000      -1.0000  
810  1     -0.0000      -0.0000      -1.0000  
811  1     -0.0000      -0.0000      -1.0000  
812  1     -0.0000      -0.0000      -1.0000  
813  1     -0.0000      -0.0000      -1.0000  
814  1     -0.0000      -0.0000      -1.0000  
815  1     -0.0000      -0.0000      -1.0000  
816  1     -0.0000      -0.0000      -1.0000  
817  1     -0.0000      -0.0000      -1.0000  
818  1     -0.0000      -0.0000      -1.0000  
819  1     -0.0000      -0.0000      -1.0000  
820  1     -0.0000      -0.0000      -1.0000  
821  1     -0.0000      -0.0000      -1.0000  
822  1     -0.0000      -0.0000      -1.0000  
823  1     -0.0000      -0.0000      -1.0000  
824  1     -0.0000      -0.0000      -1.0000  
825  1     -0.0000      -0.0000      -1.0000  
826  1     -0.0000      -0.0000      -1.0000  
827  1     -0.0000      -0.0000      -1.0000  
828  1     -0.0000      -0.0000      -1.0000  
829  1     -0.0000      -0.0000      -1.0000  
830  1     -0.0000      -0.0000      -1.0000  
831  1     -0.0000      -0.0000      -1.0000  
832  1     -0.0000      -0.0000      -1.0000  
833  1     -0.0000      -0.0000      -1.0000  
834  1     -0.0000      -0.0000      -1.0000  
835  1     -0.0000      -0.0000      -1.0000  
836  1     -0.0000      -0.0000      -1.0000  
837  1     -0.0000      -0.0000      -1.0000  
838  1     -0.0000      -0.0000      -1.0000  
839  1     -0.0000      -0.0000      -1.0000  
840  1     -0.0000      -0.0000      -1.0000  
841  1     -0.0000      -0.0000      -1.0000  
842  1     -0.0000      -0.0000      -1.0000  
843  1     -0.0000      -0.0000      -1.0000  
844  1     -0.0000      -0.0000      -1.0000  
845  1     -0.0000      -0.0000      -1.0000  
846  1     -0.0000      -0.0000      -1.0000  
847  1     -0.0000      -0.0000      -1.0000  
848  1     -0.0000      -0.0000      -1.0000  
849  1     -0.0000      -0.0000      -1.0000  
850  1     -0.0000      -0.0000      -1.0000  
851  1     -0.0000      -0.0000      -1.0000  
852  1     -0.0000      -0.0000      -1.0000  
853  1     -0.0000      -0.0000      -1.0000  
854  1     -0.0000      -0.0000      -1.0000  
855  1     -0.0000      -0.0000      -1.0000  
856  1     -0.0000      -0.0000      -1.0000  
857  1     -0.0000      -0.0000      -1.0000  
858  1     -0.0000      -0.0000      -1.0000  
859  1     -0.0000      -0.0000      -1.0000  
860  1     -0.0000      -0.0000      -1.0000  
861  1     -0.0000      -0.0000      -1.0000  
862  1     -0.0000      -0.0000      -1.0000  
863  1     -0.0000      -0.0000      -1.0000  
864  1     -0.0000      -0.0000      -1.0000  
865  1     -0.0000      -0.0000      -1.0000  
866  1     -0.0000      -0.0000      -1.0000  
867  1     -0.0000      -0.0000      -1.0000  
868  1     -0.0000      -0.0000      -1.0000  
869  1     -0.0000      -0.0000      -1.0000  
870  1     -0.0000      -0.0000      -1.0000  
871  1     -0.0000      -0.0000      -1.0000  
872  1     -0.0000      -0.0000      -1.0000  
873  1     -0.0000      -0.0000      -1.0000  
874  1     -0.0000      -0.0000      -1.0000  
875  1     -0.0000      -0.0000      -1.0000  
876  1     -0.0000      -0.0000      -1.0000  
877  1     -0.0000      -0.0000      -1.0000  
878  1     -0.0000      -0.0000      -1.0000  
879  1     -0.0000      -0.0000      -1.0000  
880  1     -0.0000      -0.0000      -1.0000  
881  1     -0.0000      -0.0000      -1.0000  
882  1     -0.0000      -0.0000      -1.0000  
883  1     -0.0000      -0.0000      -1.0000  
884  1     -0.0000      -0.0000      -1.0000  
885  1     -0.0000      -0.0000      -1.0000  
886  1     -0.0000      -0.0000      -1.0000  
887  1     -0.0000      -0.0000      -1.0000  
888  1     -0.0000      -0.0000      -1.0000  
889  1     -0.0000      -0.0000      -1.0000  
890  1     -0.0000      -0.0000      -1.0000  
891  1     -0.0000      -0.0000      -1.0000  
892  1     -0.0000      -0.0000      -1.0000  
893  1     -0.0000      -0.0000      -1.0000  
894  1     -0.0000      -0.0000      -1.0000  
895  1     -0.0000      -0.0000      -1.0000  
896  1     -0.0000      -0.0000      -1.0000  
897  1     -0.0000      -0.0000      -1.0000  
898  1     -0.0000      -0.0000      -1.0000  
899  1     -0.0000      -0.0000      -1.0000  
900  1     -0.0000      -0.0000      -1.0000  
901  1     -0.0000      -0.0000      -1.0000  
902  1     -0.0000      -0.0000      -1.0000  
903  1     -0.0000      -0.0000      -1.0000  
904  1     -0.0000      -0.0000      -1.0000  
905  1     -0.0000      -0.0000      -1.0000  
906  1     -0.0000      -0.0000      -1.0000  
907  1     -0.0000      -0.0000      -1.0000  
908  1     -0.0000      -0.0000      -1.0000  
909  1     -0.0000      -0.0000      -1.0000  
910  1     -0.0000      -0.0000      -1.0000  
911  1     -0.0000      -0.0000      -1.0000  
912  1     -0.0000      -0.0000      -1.0000  
913  1     -0.0000      -0.0000      -1.0000  
914  1     -0.0000      -0.0000      -1.0000  
915  1     -0.0000      -0.0000      -1.0000  
916  1     -0.0000      -0.0000      -1.0000  
917  1     -0.0000      -0.0000      -1.0000  
918  1     -0.0000      -0.0000      -1.0000  
919  1     -0.0000      -0.0000      -1.0000  
920  1     -0.0000      -0.0000      -1.0000  
921  1     -0.0000      -0.0000      -1.0000  
922  1     -0.0000      -0.0000      -1.0000  
923  1     -0.0000      -0.0000      -1.0000  
924  1     -0.0000      -0.0000      -1.0000  
925  1     -0.0000      -0.0000      -1.0000  
926  1     -0.0000      -0.0000      -1.0000  
927  1     -0.0000      -0.0000      -1.0000  
928  1     -0.0000      -0.0000      -1.0000  
929  1     -0.0000      -0.0000      -1.0000  
930  1     -0.0000      -0.0000      -1.0000  
931  1     -0.0000      -0.0000      -1.0000  
932  1     -0.0000      -0.0000      -1.0000  
933  1     -0.0000      -0.0000      -1.0000  
934  1     -0.0000      -0.0000      -1.0000  
935  1     -0.0000      -0.0000      -1.0000  
936  1     -0.0000      -0.0000      -1.0000  
937  1     -0.0000      -0.0000      -1.0000  
938  1     -0.0000      -0.0000      -1.0000  
939  1     -0.0000      -0.0000      -1.0000  
940  1     -0.0000      -0.0000      -1.0000  
941  1     -0.0000      -0.0000      -1.0000  
942  1     -0.0000      -0.0000      -1.0000  
943  1     -0.0000      -0.0000      -1.0000  
944  1     -0.0000      -0.0000      -1.0000  
945  1     -0.0000      -0.0000      -1.0000  
946  1     -0.0000      -0.0000      -1.0000  
947  1     -0.0000      -0.0000      -1.0000  
948  1     -0.0000      -0.0000      -1.0000  
949  1     -0.0000      -0.0000      -1.0000  
950  1     -0.0000      -0.0000      -1.0000  
951  1     -0.0000      -0.0000      -1.0000  
952  1     -0.0000      -0.0000      -1.0000  
953  1     -0.0000      -0.0000      -1.0000  
954  1     -0.0000      -0.0000      -1.0000  
955  1     -0.0000      -0.0000      -1.0000  
956  1     -0.0000      -0.0000      -1.0000  
957  1     -0.0000      -0.0000      -1.0000  
958  1     -0.0000      -0.0000      -1.0000  
959  1     -0.0000      -0.0000      -1.0000  
960  1     -0.0000      -0.0000      -1.0000  
961  1     -0.0000      -0.0000      -1.0000  
962  1     -0.0000      -0.0000      -1.0000  
963  1     -0.0000      -0.0000      -1.0000  
964  1     -0.0000      -0.0000      -1.0000  
965  1     -0.0000      -0.0000      -1.0000  
966  1     -0.0000      -0.0000      -1.0000  
967  1     -0.0000      -0.0000      -1.0000  
968  1     -0.0000      -0.0000      -1.0000  
969  1     -0.0000      -0.0000      -1.0000  
970  1     -0.0000      -0.0000      -1.0000  
971  1     -0.0000      -0.0000      -1.0000  
972  1     -0.0000      -0.0000      -1.0000  
973  1     -0.0000      -0.0000      -1.0000  
974  1     -0.0000      -0.0000      -1.0000  
975  1     -0.0000      -0.0000      -1.0000  
976  1     -0.0000      -0.0000      -1.0000  
977  1     -0.0000      -0.0000      -1.0000  
978  1     -0.0000      -0.0000      -1.0000  
979  1     -0.0000      -0.0000      -1.0000  
980  1     -0.0000      -0.0000      -1.0000  
981  1     -0.0000      -0.0000      -1.0000  
982  1     -0.0000      -0.0000      -1.0000  
983  1     -0.0000      -0.0000      -1.0000  
984  1     -0.0000      -0.0000      -1.0000  
985  1     -0.0000      -0.0000      -1.0000  
986  1     -0.0000      -0.0000      -1.0000  
987  1     -0.0000      -0.0000      -1.0000  
988  1     -0.0000      -0.0000      -1.0000  
989  1     -0.0000      -0.0000      -1.0000  
990  1     -0.0000      -0.0000      -1.0000  
991  1     -0.0000      -0.0000      -1.0000  
992  1     -0.0000      -0.0000      -1.0000  
993  1     -0.0000      -0.0000      -1.0000  
994  1     -0.0000      -0.0000      -1.0000  
995  1     -0.0000      -0.0000      -1.0000  
996  1     -0.0000      -0.0000      -1.0000  
997  1     -0.0000      -0.0000      -1.0000  
998  1     -0.0000      -0.0000      -1.0000  
999  1     -0.0000      -0.0000      -1.0000  
1000 1     -0.0000      -0.0000      -1.0000  
1       8
1    92    137    91    138    18    139    17    140
2       8
2    91    141    90    142    19    143    18    138
3       8
3    90    144    89    145    20    146    19    142
4       8
4    89    147    11    148    21    149    20    145
5       8
5    11    150    88    151    12    152    21    148
6       8
6    17    139    18    153    22    154    8    155
7       8
7    18    143    19    156    23    157    22    153
8       8
8    19    146    20    158    24    159    23    156
9       8
9    20    149    21    160    25    161    24    158
10      8
10   21    152    12    162    120    163    25    160
11      8
11   8    154    22    164    26    165    16    166
12      8
12   22    157    23    167    27    168    26    164
13      8
13   23    159    24    169    28    170    27    167
14      8
14   24    161    25    171    29    172    28    169
15      8
15   25    163    120    173    119    174    29    171
16      8
16   16    165    26    175    30    176    15    177
17      8
17   26    168    27    178    31    179    30    175
18      8
18   27    170    28    180    32    181    31    178
19      8
19   28    172    29    182    33    183    32    180
20      8
20   29    174    119    184    13    185    33    182
21      8
21   15    176    30    186    14    187    9    188
22      8
22   30    179    31    189    34    190    14    186
23      8
23   31    181    32    191    35    192    34    189
24      8
24   32    183    33    193    36    194    35    191
25      8
25   33    185    13    195    37    196    36    193
26      8
26   9    187    14    197    41    198    40    199
27      8
27   14    190    34    200    42    201    41    197
28      8
28   34    192    35    202    43    203    42    200
29      8
29   35    194    36    204    44    205    43    202
30      8
30   36    196    37    206    118    207    44    204
31      8
31   40    198    41    208    45    209    10    210
32      8
32   41    201    42    211    46    212    45    208
33      8
33   42    203    43    213    47    214    46    211
34      8
34   43    205    44    215    48    216    47    213
35      8
35   44    207    118    217    117    218    48    215
36      8
36   10    209    45    219    49    220    39    221
37      8
37   45    212    46    222    50    223    49    219
38      8
38   46    214    47    224    51    225    50    222
39      8
39   47    216    48    226    52    227    51    224
40      8
40   48    218    117    228    116    229    52    226
41      8
41   39    220    49    230    53    231    38    232
42      8
42   49    223    50    233    54    234    53    230
43      8
43   50    225    51    235    55    236    54    233
44      8
44   51    227    52    237    56    238    55    235
45      8
45   52    229    116    239    115    240    56    237
46      8
46   38    231    53    241    57    242    1    243
47      8
47   53    234    54    244    58    245    57    241
48      8
48   54    236    55    246    59    247    58    244
49      8
49   55    238    56    248    60    249    59    246
50      8
50   56    240    115    250    61    251    60    248
51      8
51   1    242    57    252    68    253    67    254
52      8
52   57    245    58    255    69    256    68    252
53      8
53   58    247    59    257    70    258    69    255
54      8
54   59    249    60    259    71    260    70    257
55      8
55   60    251    61    261    114    262    71    259
56      8
56   67    253    68    263    72    264    2    265
57      8
57   68    256    69    266    73    267    72    263
58      8
58   69    258    70    268    74    269    73    266
59      8
59   70    260    71    270    75    271    74    268
60      8
60   71    262    114    272    62    273    75    270
61      8
61   2    264    72    274    76    275    3    276
62      8
62   72    267    73    277    77    278    76    274
63      8
63   73    269    74    279    78    280    77    277
64      8
64   74    271    75    281    79    282    78    279
65      8
65   75    273    62    283    113    284    79    281
66      8
66   3    275    76    285    80    286    4    287
67      8
67   76    278    77    288    81    289    80    285
68      8
68   77    280    78    290    82    291    81    288
69      8
69   78    282    79    292    83    293    82    290
70      8
70   79    284    113    294    63    295    83    292
71      8
71   4    286    80    296    84    297    66    298
72      8
72   80    289    81    299    65    300    84    296
73      8
73   81    291    82    301    64    302    65    299
74      8
74   82    293    83    303    85    304    64    301
75      8
75   83    295    63    305    86    306    85    303
76      8
76   66    297    84    307    94    308    5    309
77      8
77   84    300    65    310    95    311    94    307
78      8
78   65    302    64    312    96    313    95    310
79      8
79   64    304    85    314    97    315    96    312
80      8
80   85    306    86    316    87    317    97    314
81      8
81   5    308    94    318    98    319    6    320
82      8
82   94    311    95    321    99    322    98    318
83      8
83   95    313    96    323    100    324    99    321
84      8
84   96    315    97    325    101    326    100    323
85      8
85   97    317    87    327    112    328    101    325
86      8
86   6    319    98    329    102    330    7    331
87      8
87   98    322    99    332    103    333    102    329
88      8
88   99    324    100    334    104    335    103    332
89      8
89   100    326    101    336    105    337    104    334
90      8
90   101    328    112    338    111    339    105    336
91      8
91   7    330    102    340    106    341    93    342
92      8
92   102    333    103    343    107    344    106    340
93      8
93   103    335    104    345    108    346    107    343
94      8
94   104    337    105    347    109    348    108    345
95      8
95   105    339    111    349    110    350    109    347
96      8
96   93    341    106    351    91    137    92    352
97      8
97   106    344    107    353    90    141    91    351
98      8
98   107    346    108    354    89    144    90    353
99      8
99   108    348    109    355    11    147    89    354
100     8
100  109    350    110    356    88    150    11    355
101     8
101  88    356    110    357    121    358    12    151
102     8
102  110    349    111    359    122    360    121    357
103     8
103  111    338    112    361    123    362    122    359
104     8
104  112    327    87    363    124    364    123    361
105     8
105  87    316    86    305    63    365    124    363
106     8
106  12    358    121    366    125    367    120    162
107     8
107  121    360    122    368    126    369    125    366
108     8
108  122    362    123    370    127    371    126    368
109     8
109  123    364    124    372    128    373    127    370
110     8
110  124    365    63    294    113    374    128    372
111     8
111  120    367    125    375    129    376    119    173
112     8
112  125    369    126    377    130    378    129    375
113     8
113  126    371    127    379    131    380    130    377
114     8
114  127    373    128    381    132    382    131    379
115     8
115  128    374    113    283    62    383    132    381
116     8
116  119    376    129    384    133    385    13    184
117     8
117  129    378    130    386    134    387    133    384
118     8
118  130    380    131    388    135    389    134    386
119     8
119  131    382    132    390    136    391    135    388
120     8
120  132    383    62    272    114    392    136    390
121     8
121  13    385    133    393    118    206    37    195
122     8
122  133    387    134    394    117    217    118    393
123     8
123  134    389    135    395    116    228    117    394
124     8
124  135    391    136    396    115    239    116    395
125     8
125  136    392    114    261    61    250    115    396
1       8
1    1    2    3    4    5    6    7    8
2       8
2    9    10    11    12    13    14    15    16
3       8
3    17    18    19    20    21    22    23    24
4       8
4    25    26    27    28    29    30    31    32
5       8
5    33    34    35    36    37    38    39    40
6       8
6    41    42    43    44    45    46    47    48
7       8
7    49    50    51    52    53    54    55    56
8       8
8    57    58    59    60    61    62    63    64
9       8
9    65    66    67    68    69    70    71    72
10      8
10   73    74    75    76    77    78    79    80
11      8
11   81    82    83    84    85    86    87    88
12      8
12   89    90    91    92    93    94    95    96
13      8
13   97    98    99    100    101    102    103    104
14      8
14   105    106    107    108    109    110    111    112
15      8
15   113    114    115    116    117    118    119    120
16      8
16   121    122    123    124    125    126    127    128
17      8
17   129    130    131    132    133    134    135    136
18      8
18   137    138    139    140    141    142    143    144
19      8
19   145    146    147    148    149    150    151    152
20      8
20   153    154    155    156    157    158    159    160
21      8
21   161    162    163    164    165    166    167    168
22      8
22   169    170    171    172    173    174    175    176
23      8
23   177    178    179    180    181    182    183    184
24      8
24   185    186    187    188    189    190    191    192
25      8
25   193    194    195    196    197    198    199    200
26      8
26   201    202    203    204    205    206    207    208
27      8
27   209    210    211    212    213    214    215    216
28      8
28   217    218    219    220    221    222    223    224
29      8
29   225    226    227    228    229    230    231    232
30      8
30   233    234    235    236    237    238    239    240
31      8
31   241    242    243    244    245    246    247    248
32      8
32   249    250    251    252    253    254    255    256
33      8
33   257    258    259    260    261    262    263    264
34      8
34   265    266    267    268    269    270    271    272
35      8
35   273    274    275    276    277    278    279    280
36      8
36   281    282    283    284    285    286    287    288
37      8
37   289    290    291    292    293    294    295    296
38      8
38   297    298    299    300    301    302    303    304
39      8
39   305    306    307    308    309    310    311    312
40      8
40   313    314    315    316    317    318    319    320
41      8
41   321    322    323    324    325    326    327    328
42      8
42   329    330    331    332    333    334    335    336
43      8
43   337    338    339    340    341    342    343    344
44      8
44   345    346    347    348    349    350    351    352
45      8
45   353    354    355    356    357    358    359    360
46      8
46   361    362    363    364    365    366    367    368
47      8
47   369    370    371    372    373    374    375    376
48      8
48   377    378    379    380    381    382    383    384
49      8
49   385    386    387    388    389    390    391    392
50      8
50   393    394    395    396    397    398    399    400
51      8
51   401    402    403    404    405    406    407    408
52      8
52   409    410    411    412    413    414    415    416
53      8
53   417    418    419    420    421    422    423    424
54      8
54   425    426    427    428    429    430    431    432
55      8
55   433    434    435    436    437    438    439    440
56      8
56   441    442    443    444    445    446    447    448
57      8
57   449    450    451    452    453    454    455    456
58      8
58   457    458    459    460    461    462    463    464
59      8
59   465    466    467    468    469    470    471    472
60      8
60   473    474    475    476    477    478    479    480
61      8
61   481    482    483    484    485    486    487    488
62      8
62   489    490    491    492    493    494    495    496
63      8
63   497    498    499    500    501    502    503    504
64      8
64   505    506    507    508    509    510    511    512
65      8
65   513    514    515    516    517    518    519    520
66      8
66   521    522    523    524    525    526    527    528
67      8
67   529    530    531    532    533    534    535    536
68      8
68   537    538    539    540    541    542    543    544
69      8
69   545    546    547    548    549    550    551    552
70      8
70   553    554    555    556    557    558    559    560
71      8
71   561    562    563    564    565    566    567    568
72      8
72   569    570    571    572    573    574    575    576
73      8
73   577    578    579    580    581    582    583    584
74      8
74   585    586    587    588    589    590    591    592
75      8
75   593    594    595    596    597    598    599    600
76      8
76   601    602    603    604    605    606    607    608
77      8
77   609    610    611    612    613    614    615    616
78      8
78   617    618    619    620    621    622    623    624
79      8
79   625    626    627    628    629    630    631    632
80      8
80   633    634    635    636    637    638    639    640
81      8
81   641    642    643    644    645    646    647    648
82      8
82   649    650    651    652    653    654    655    656
83      8
83   657    658    659    660    661    662    663    664
84      8
84   665    666    667    668    669    670    671    672
85      8
85   673    674    675    676    677    678    679    680
86      8
86   681    682    683    684    685    686    687    688
87      8
87   689    690    691    692    693    694    695    696
88      8
88   697    698    699    700    701    702    703    704
89      8
89   705    706    707    708    709    710    711    712
90      8
90   713    714    715    716    717    718    719    720
91      8
91   721    722    723    724    725    726    727    728
92      8
92   729    730    731    732    733    734    735    736
93      8
93   737    738    739    740    741    742    743    744
94      8
94   745    746    747    748    749    750    751    752
95      8
95   753    754    755    756    757    758    759    760
96      8
96   761    762    763    764    765    766    767    768
97      8
97   769    770    771    772    773    774    775    776
98      8
98   777    778    779    780    781    782    783    784
99      8
99   785    786    787    788    789    790    791    792
100     8
100  793    794    795    796    797    798    799    800
101     8
101  801    802    803    804    805    806    807    808
102     8
102  809    810    811    812    813    814    815    816
103     8
103  817    818    819    820    821    822    823    824
104     8
104  825    826    827    828    829    830    831    832
105     8
105  833    834    835    836    837    838    839    840
106     8
106  841    842    843    844    845    846    847    848
107     8
107  849    850    851    852    853    854    855    856
108     8
108  857    858    859    860    861    862    863    864
109     8
109  865    866    867    868    869    870    871    872
110     8
110  873    874    875    876    877    878    879    880
111     8
111  881    882    883    884    885    886    887    888
112     8
112  889    890    891    892    893    894    895    896
113     8
113  897    898    899    900    901    902    903    904
114     8
114  905    906    907    908    909    910    911    912
115     8
115  913    914    915    916    917    918    919    920
116     8
116  921    922    923    924    925    926    927    928
117     8
117  929    930    931    932    933    934    935    936
118     8
118  937    938    939    940    941    942    943    944
119     8
119  945    946    947    948    949    950    951    952
120     8
120  953    954    955    956    957    958    959    960
121     8
121  961    962    963    964    965    966    967    968
122     8
122  969    970    971    972    973    974    975    976
123     8
123  977    978    979    980    981    982    983    984
124     8
124  985    986    987    988    989    990    991    992
125     8
125  993    994    995    996    997    998    999    1000
